86
86 263 630
85 212 631
84 143 537
83 1134 395
82 1133 347
81 1243 288
80 1242 388
79 1187 388
78 1186 502
77 1132 500
76 89 370
75 31 425
74 32 322
73 90 324
72 88 414
71 33 474
70 34 588
69 87 589
68 298 633
67 301 572
66 621 517
65 620 577
64 856 574
63 906 574
62 1132 575
61 1190 629
60 1243 683
59 987 686
58 987 633
57 784 631
56 737 631
55 522 634
54 522 685
53 38 684
52 92 629
51 145 572
50 200 520
49 445 520
48 838 522
47 1078 516
46 1077 369
45 1078 307
44 1080 258
43 1078 202
42 442 91
41 276 91
40 229 92
39 89 95
38 90 188
37 145 188
36 144 148
35 146 492
34 147 443
33 199 383
32 196 446
31 258 463
30 447 466
29 839 466
28 1023 468
27 1024 366
26 1023 258
25 251 254
24 250 303
23 199 339
22 201 302
21 203 203
20 318 201
19 318 145
18 445 145
17 494 143
16 617 204
15 618 143
14 1134 147
13 1136 238
12 1189 238
11 1189 197
10 1244 240
9 1190 154
8 1188 122
7 1188 86
6 1242 120
5 1243 35
4 978 33
3 936 35
2 441 34
1 37 37
